[Variables]
ercf_calib_0 = 1.0
ercf_calib_1 = 0.992586612422
ercf_calib_10 = 1.0
ercf_calib_11 = 1.0
ercf_calib_2 = 0.995049606498
ercf_calib_3 = 1.05
ercf_calib_4 = 1.05
ercf_calib_5 = 1.05
ercf_calib_6 = 1.05
ercf_calib_7 = 1.05
ercf_calib_8 = 1.05
ercf_calib_9 = 1.0
ercf_calib_ref = 1002.605974

